function J = Jh_(x)
    J = [ (-1000 - x(1))/sqrt((-1000 - x(1))^2 + 500^2), 0, 0 ; 
          (3000 - x(1))/sqrt((3000  - x(1))^2 + 500^2), 0, 0 ; 
          (3000 - x(1))/sqrt((4000  - x(1))^2 + 500^2), 0, 0 ];
end